12 20240610 1500 1016202400000005 1 00000000016080 500
12 20240610 1500 1016202400000005 1 00000000029010 500
12 20240610 1500 1016202400000005 2 00000000016080 900
12 20240610 1500 1016202400000005 2 00000000029010 900
13 20240610 4700 1016202400000006 1 00000000048884 500
13 20240610 4700 1016202400000006 1 00000000502464 500
13 20240610 4700 1016202400000006 1 00000000011823 500
13 20240610 4700 1016202400000006 1 00000000018183 500
13 20240610 4700 1016202400000006 1 00000000002280 500
13 20240610 4700 1016202400000006 1 00000000025080 500
13 20240610 4700 1016202400000006 1 00000000007786 500
13 20240610 4700 1016202400000006 1 00000000005649 500
13 20240610 4700 1016202400000006 1 00000000049450 500
13 20240610 4700 1016202400000006 1 00000000048884 900
13 20240610 4700 1016202400000006 1 00000000502464 900
13 20240610 4700 1016202400000006 2 00000000011823 900
13 20240610 4700 1016202400000006 2 00000000018183 900
13 20240610 4700 1016202400000006 2 00000000002280 900
13 20240610 4700 1016202400000006 2 00000000025080 900
13 20240610 4700 1016202400000006 2 00000000007786 900
13 20240610 4700 1016202400000006 2 00000000005649 900
13 20240610 4700 1016202400000006 2 00000000049450 900
13 20240610 4700 1016202400000006 2 00000000115072 900
13 20240610 4700 1016202400000006 2 00000000049450 900
13 20240610 4700 1016202400000006 2 00000000036872 500
13 20240610 4700 1016202400000006 2 00000000036869 500
15 20240610 4700 1016202400000007 1 00000000036872 900
15 20240610 4700 1016202400000007 1 00000000036869 900